tissue	harvest	line	harvestID	AAsum	Asp	Glu	Ser	Gly	Thr	Ala	Arg	Tyr	Val	Met	Phe	Ile	Leu	Lys
leaf	1m	WT	WT_leaf.1m	156.0154516	14.86728236	17.29764558	8.405157254	20.0563239	7.132160228	19.19508794	9.120540459	4.167092741	12.0204411	3.35383665	8.463730491	8.427672903	17.76088416	5.747595824
leaf	1m	WT	WT_leaf.1m	155.7993399	14.25923159	16.7956371	7.970236625	20.97374019	6.946352483	19.81064085	8.945915485	3.521251818	12.35191331	3.118579951	8.440803785	8.556681871	18.17614679	5.932208055
leaf	1m	WT	WT_leaf.1m	158.0252729	14.66675812	17.17970982	8.323876964	20.66905811	7.149003576	19.59331227	9.294379211	4.03240777	12.42109277	3.368177044	8.544980975	8.604636934	18.23000171	5.947877615
leaf	1m	WT	WT_leaf.1m	159.6865453	14.54433419	18.48767683	8.966039268	20.39768014	7.447833656	19.32859173	8.799883609	3.494383401	13.21215961	3.062893843	8.615362273	9.106205148	18.28803402	5.935467581
leaf	1m	WT	WT_leaf.1m	168.5148652	14.81342955	18.95275051	9.324127169	21.85178434	8.105793408	20.2697817	9.438182669	4.005841039	13.69867537	3.29871863	9.414449232	9.671090745	19.50136203	6.168878771
leaf	1m	WT	WT_leaf.1m	186.4837022	16.02669894	20.86346045	10.79212217	23.48761958	9.350810327	21.29866499	10.99200784	5.760655415	15.10025631	4.194934944	10.40980758	10.60878964	21.04249778	6.555376277
leaf	1m	CgSx4	CgSx4_leaf.1m	150.9789406	13.43316226	17.01700731	8.806209729	19.65269233	7.383624741	18.01319082	8.423399393	2.982289059	12.29772496	2.818431183	8.162319508	8.560893555	17.62564969	5.802346073
leaf	1m	CgSx4	CgSx4_leaf.1m	155.3486529	13.70545168	17.53011688	9.136679422	19.85975041	7.648286691	18.09029337	8.991542534	3.51132115	12.57318115	3.188535571	8.591308222	8.675914225	17.94530004	5.900971577
leaf	1m	CgSx4	CgSx4_leaf.1m	177.5861838	15.29451267	19.88509361	10.836684	22.75230258	8.939628468	19.04765432	10.63618672	5.895677636	14.29239631	3.510855175	9.94851116	10.29994152	19.88911505	6.357624565
leaf	2m	WT	WT_leaf.2m	100.3298957	9.243508007	10.48127755	5.83783274	13.34497428	4.756616991	11.96588123	5.917537107	2.830646156	7.68037928	2.260433343	5.424751575	5.226970322	11.55721527	3.801871814
leaf	2m	WT	WT_leaf.2m	84.46452249	7.775962554	8.683886955	4.873695306	11.39284281	3.985035396	10.5950105	4.932638953	2.027404938	6.586475588	1.789102584	4.426468579	4.42565864	9.716772486	3.253567202
leaf	2m	WT	WT_leaf.2m	93.26193589	8.694691889	9.585322224	5.356084909	12.37313562	4.373603941	11.49098406	5.411513043	2.289794184	7.251992142	1.93131973	5.066166702	4.99108226	10.84953878	3.596706405
leaf	2m	WT	WT_leaf.2m	76.97331348	6.629105141	8.515296895	4.272157713	10.64838625	3.488467738	9.808874053	3.957650676	1.291633876	6.593781334	1.102652079	4.061004043	4.522935863	9.11167835	2.969689466
leaf	2m	WT	WT_leaf.2m	99.11092264	8.515076701	10.80430529	5.757587076	12.69544462	4.855653112	11.62592542	5.393195956	2.401218646	8.21348874	1.956239604	5.698156129	5.773169629	11.7593537	3.662108017
leaf	2m	WT	WT_leaf.2m	95.19938974	8.174902275	10.89754172	5.313635842	13.01664538	4.231570643	11.88631155	4.789711561	1.488991839	8.140835332	1.26547892	5.241956418	5.664196829	11.45503648	3.632574947
leaf	2m	CgSx4	CgSx4_leaf.2m	61.79105306	6.001799224	6.825903754	3.832105398	8.21404159	3.025937959	7.271601765	3.11263056	1.147796027	5.061759965	1.054483952	3.371316165	3.449863365	7.095168091	2.32664524
leaf	2m	CgSx4	CgSx4_leaf.2m	69.93049186	6.077210667	7.266393837	4.226182352	9.210584406	3.525833131	7.875678205	3.985022836	2.150624662	5.884019223	1.342587148	3.85517335	4.001231854	7.993552595	2.536397593
leaf	3m	WT	WT_leaf.3m	73.34487938	6.96672022	7.909902342	3.709457009	9.455549324	2.950402928	9.197374826	3.370292215	1.133865829	6.963258299	1.006209757	4.103067212	4.709118532	9.040072887	2.829588002
leaf	3m	WT	WT_leaf.3m	92.77718217	8.630772118	9.829880139	4.928123168	11.49030482	4.096271467	10.77905957	4.710860516	2.203714191	8.429225862	1.776338901	5.401442386	5.775430744	11.38109907	3.344659221
leaf	3m	WT	WT_leaf.3m	95.69527883	9.105779412	9.908581356	4.857887665	11.9992092	4.067305478	11.32979064	4.634122452	1.888831211	8.805732045	1.701645275	5.822732378	6.110003351	11.9155421	3.548116271
leaf	3m	WT	WT_leaf.3m	100.0222289	9.246848973	10.69061532	5.50312355	12.92720475	4.352620002	11.90995746	4.710404593	2.219908636	8.9918148	1.523348743	6.069163683	6.243229504	12.50169572	3.132293179
leaf	3m	WT	WT_leaf.3m	93.54849807	8.704294168	10.04756846	5.268978303	11.82229405	4.262146396	10.84595115	4.54838941	1.947619061	8.334785079	1.638828278	5.555867986	5.768915015	11.49579725	3.307063464
leaf	3m	WT	WT_leaf.3m	82.83138712	8.086020227	8.858121467	4.557420604	10.52913867	3.539486636	9.680678544	4.006637175	1.695265428	7.375167827	1.383468673	4.854948896	5.04385531	10.23196588	2.989211784
leaf	3m	CgSx4	CgSx4_leaf.3m	56.35053784	5.502623848	5.855644918	3.083243192	7.297176134	2.449461809	6.911822984	3.03661828	1.038200036	5.108776029	0.972129148	2.887898312	3.338468997	6.649826216	2.218647933
leaf	3m	CgSx4	CgSx4_leaf.3m	70.86483286	6.503511111	7.522132135	4.162121519	9.431976483	3.253375898	8.393156756	3.9116394	1.46602412	6.259530956	1.26610129	3.581340161	4.143979151	8.16202168	2.807922203
leaf	3m	CgSx4	CgSx4_leaf.3m	54.589888	5.339969742	5.663809596	3.20059061	6.971488504	2.545981697	6.494522079	3.142361136	1.144100988	4.804635107	0.989231542	2.73335156	3.119692945	6.225806334	2.214346158
seed	mature	WT	WT_seed	47.08412429	3.855924853	8.16578574	2.773049206	5.311040705	1.428829755	5.325836493	3.405355917	0.386000741	4.648908258	0.32959365	2.131204921	2.728640847	5.366003483	1.227949725
seed	mature	WT	WT_seed	44.65219782	4.132212761	7.66865077	2.864524245	5.140564689	1.520130104	4.840193235	2.960973785	0.261965824	4.262197053	0.453717047	2.075770933	2.4635606	4.831661937	1.176074833
seed	mature	WT	WT_seed	42.44324122	3.87300308	7.247986697	2.475698047	4.657080036	1.320495274	4.646029436	2.954026949	0.331257235	4.260498972	0.389314321	1.980306793	2.411158739	4.757592351	1.13879329
seed	mature	CgSx4	CgSx4_seed	49.47962449	4.19528833	8.086183032	3.292382501	5.501727578	1.679685735	5.29707116	3.923616612	0.611297394	4.364445682	0.653547337	2.533985206	2.647841224	5.399308022	1.293244675
seed	mature	CgSx4	CgSx4_seed	40.39067701	3.870009323	6.983469231	2.598671973	4.230231015	1.317408831	4.413800028	2.948844868	0.240440575	3.78040673	0.411210442	1.845149496	2.24650801	4.462851305	1.041675179
seed	mature	CgSx4	CgSx4_seed	41.9935097	3.869217907	7.128463942	2.471908212	5.57780131	1.328903509	4.678264331	2.983697653	0.310938747	3.683521011	0.423242564	1.868549533	2.187903788	4.334008112	1.147089079
