tissue	harvest	line	genotype	plantID	harvestID	CGS	SMM	Met	Asp	Glu	Ala	Arg	Asn	Gln	Gly	His	Hser	Ile	Leu	Lys	Phe	Ser	Thr	Trp	Tyr	Val	SO4	NO3	Cys	GSH	Hcys
leaf	1m	WT	WT	WT-1	WT_leaf.1m	0.95	NA	NA	NA	NA	NA	NA	NA	NA	NA	NA	NA	NA	NA	NA	NA	NA	NA	NA	NA	NA	1.26	2.77	0.158637678	4.61935856	3.639863659
leaf	1m	WT	WT	WT-2	WT_leaf.1m	1.12	9.673704734	16.09801341	1046.40689	1479.97236	2196.157973	187.9702046	273.0639221	930.2426908	696.9644517	11.90469636	28.10563854	51.23658979	77.12565839	50.735278	60.80325216	836.6466378	308.0419116	5.606299624	42.27476924	134.55904	1.23	2.85	0.174307264	4.770603852	3.845140464
leaf	1m	WT	WT	WT-3	WT_leaf.1m	1.04	7.528658316	19.83565812	1073.039317	1513.702346	2155.809719	187.0043162	247.3098211	904.3245715	685.9442359	9.61050568	25.37493922	51.49764812	74.11036456	51.18509338	61.15888059	845.8541284	303.3621572	8.518396816	43.39387839	132.1126045	1.32	3	0.174301654	4.870077813	3.852762671
leaf	1m	WT	WT	WT-4	WT_leaf.1m	1.02	8.425074761	14.55658524	1001.820005	1432.862564	2215.622298	191.6914938	277.1168293	929.8019204	687.786126	10.65563237	25.98666756	50.81719227	76.64577672	49.74236208	60.76416411	847.3535156	300.1151414	5.383638945	44.12496044	135.7755775	1.3	2.83	0.175422746	5.041779529	3.983434387
leaf	1m	CgSx4	Tg	CgSx4-1	CgSx4_leaf.1m	3.19	162.0701115	81.27175165	1247.02744	1632.61122	1500.363551	137.4627505	434.3884836	700.1596425	394.9736611	12.5922494	135.4025328	48.88077187	68.89991827	39.66267515	61.23545587	879.314451	300.4919496	10.83517128	41.98292964	118.724559	1.9	2.79	0.182012141	3.637823327	4.663883439
leaf	1m	CgSx4	Tg	CgSx4-2	CgSx4_leaf.1m	2.74	184.2594669	86.41022211	1197.787172	1576.194209	1628.780357	150.5645119	433.4498608	758.5177858	426.5158093	13.85413854	130.1926583	51.2864407	74.40135805	42.99271148	65.49452663	990.6689405	316.849853	10.85046565	45.73879897	128.5874048	1.89	2.66	0.199097541	3.962874918	5.009175531
leaf	1m	CgSx4	Tg	CgSx4-3	CgSx4_leaf.1m	2.78	180.1424187	79.31722054	1250.422006	1633.160989	1589.053812	144.526426	433.3729485	758.5254147	416.6834734	12.61300813	136.7033097	46.67010309	70.6754386	43.34843581	60.21828909	939.6629093	317.5103981	6.234234234	42.05830583	122.4603581	1.94	2.76	0.196285161	3.750900759	4.821739816
leaf	1m	CgSx4	Tg	CgSx4-4	CgSx4_leaf.1m	2.73	150.6409725	71.25554558	1302.778507	1734.330523	1480.729609	133.006633	414.8618058	670.2035101	393.3949706	11.11843551	139.6076928	44.75190397	66.11765274	39.50552494	56.80902141	880.0866083	303.9362892	5.921945111	38.80117742	114.1957175	1.92	2.69	0.210725696	3.880367911	4.958611573
leaf	2m	WT	WT	WT-1	WT_leaf.2m	0.42	11.52328335	3.932887354	633.4593158	1293.63131	560.4807282	45.71279061	117.8561323	285.0416571	158.4183673	20.42247387	11.61875211	42.4122484	44.23036759	49.95569425	74.65672847	345.1163638	106.6441728	11.02799228	47.51394782	103.6734259	0.57	1.46	0.222293628	3.612014528	1.21451678
leaf	2m	WT	WT	WT-2	WT_leaf.2m	0.47	9.842620897	3.804231141	626.6583707	1332.941263	548.079659	41.84032067	125.3361113	274.0943608	142.6945144	19.15315092	11.17381287	40.79229682	41.79653872	41.63175792	72.01963823	317.5970884	103.7532687	10.91787037	46.15750281	101.1082153	0.61	1.49	0.222075211	3.787339063	1.253999769
leaf	2m	WT	WT	WT-3	WT_leaf.2m	0.48	10.72418476	4.65717938	622.0620444	1229.88626	534.650189	42.1588993	124.8239802	279.9512874	139.3286271	18.24067231	10.58954398	44.03788747	44.0688562	49.68781668	75.91814573	319.5553676	101.8003365	13.91001391	47.83256103	101.9071074	0.59	1.48	0.236553119	3.488325193	1.183946688
leaf	2m	WT	WT	WT-4	WT_leaf.2m	0.47	11.06089864	3.595862787	649.5793666	1310.990914	548.298794	40.51054701	131.380116	276.3756643	144.7348964	19.55807483	10.69639537	41.65233085	43.99005706	40.50020423	73.48587364	315.0708222	103.3543603	10.98324399	48.43755007	102.882204	0.58	1.44	0.22783449	3.75234757	1.218651633
leaf	2m	CgSx4	Tg	CgSx4-1	CgSx4_leaf.2m	1.45	18.32061623	4.122815027	434.4398658	1168.64873	461.546054	51.66506105	242.6940247	191.2580178	125.6266633	44.15403352	14.7109533	37.96212255	33.6776018	26.66394499	75.03227007	172.9534196	60.98552191	53.19027494	37.70442747	80.62399387	0.72	0.96	0.141629657	1.88861118	0.723092162
leaf	2m	CgSx4	Tg	CgSx4-2	CgSx4_leaf.2m	1.54	19.5940666	3.286341862	459.1172999	1156.246737	485.9420379	54.42306718	264.4291329	211.2218155	136.7774777	45.92235066	15.88045334	39.38406539	35.38610277	23.97672794	79.6871912	185.0293491	66.27875603	49.73916667	38.27318216	87.1508761	0.8	0.99	0.155194512	1.825506212	0.701292562
leaf	2m	CgSx4	Tg	CgSx4-3	CgSx4_leaf.2m	1.34	21.55872598	3.550034517	485.5311181	1172.124347	509.2027413	57.34034305	272.4926269	222.2926633	143.8740115	48.34601786	16.39853103	40.40201753	35.42178542	32.16168507	82.28240308	199.8183955	68.51467413	53.00579625	39.83202374	90.1762318	0.79	1.03	0.14415529	1.931364368	0.735732461
leaf	2m	CgSx4	Tg	CgSx4-4	CgSx4_leaf.2m	1.31	18.81820181	3.183666261	446.5910738	1151.90954	471.572909	51.75554722	261.3745787	199.4771328	130.4872695	43.74620798	15.01909777	36.65868467	32.95928981	23.54932457	75.86972952	189.1758999	62.29769158	46.06552181	36.98914668	82.27405174	0.76	0.91	0.156959733	1.851841934	0.707429182
leaf	3m	WT	WT	WT-1	WT_leaf.3m	0.25	10.19932188	3.247643902	577.3207595	1193.494516	298.1593991	31.64475054	73.47163144	158.9737099	86.95144725	20.30771921	7.685333469	35.47432534	38.10689108	50.40153422	74.38421388	141.8550648	66.88964279	23.81528994	49.61239852	74.61186126	0.47	0.55	0.282725836	3.522116109	0.867586128
leaf	3m	WT	WT	WT-2	WT_leaf.3m	0.3	11.03951773	3.628540175	616.2645272	1248.405678	322.0981798	35.07532229	79.62167655	162.9065225	90.03601441	18.54499579	7.750541523	38.78358133	41.8332109	53.21472412	80.3171818	154.4802995	70.67999614	25.39965194	54.39651108	81.76820203	0.49	0.57	0.267828131	3.520021496	0.873529738
leaf	3m	WT	WT	WT-3	WT_leaf.3m	0.32	5.357441822	1.983928824	364.6339833	1133.382467	208.0414829	20.56060822	57.97869106	107.2257671	57.4548001	14.01767117	5.635416056	24.01415751	26.04896654	33.8290228	51.30142942	94.99807029	45.3096841	15.22596977	33.44311704	50.95361896	0.47	0.54	0.274305636	3.545379125	0.888517415
leaf	3m	WT	WT	WT-4	WT_leaf.3m	0.27	10.52800053	4.296440774	578.8643187	1139.140584	307.3064815	35.56987997	88.41265948	140.4385682	87.55951591	19.24379233	7.67454333	39.32303181	42.41663696	44.48194496	79.07918656	133.4163931	65.54725317	28.47054568	52.90212994	78.21655996	0.51	0.58	0.272362043	3.518181193	0.881841942
leaf	3m	CgSx4	Tg	CgSx4-1	CgSx4_leaf.3m	1.21	NA	NA	NA	NA	NA	NA	NA	NA	NA	NA	NA	NA	NA	NA	NA	NA	NA	NA	NA	NA	1.03	0.57	0.231745877	2.102376434	1.19442494
leaf	3m	CgSx4	Tg	CgSx4-2	CgSx4_leaf.3m	1.06	14.4608522	3.468541001	453.1278018	1147.75329	401.5035437	39.52916665	99.77332897	109.560091	81.357675	29.31173177	8.695662344	27.16216032	17.726126	34.10012723	51.1758548	138.3142348	42.36568698	25.85930257	34.81565175	54.59750724	1	0.53	0.211447678	2.248249323	1.262661683
leaf	3m	CgSx4	Tg	CgSx4-3	CgSx4_leaf.3m	1.13	9.931413739	2.863358271	373.0710983	1084.479544	323.8458224	31.34360665	95.46656199	77.59873378	90.00257485	22.90576805	7.286048717	21.73850616	13.5305185	19.09294967	41.08121544	100.988387	33.47831916	21.51111517	27.78275738	43.14431961	1.02	0.52	0.225356738	2.004599137	1.145966531
leaf	3m	CgSx4	Tg	CgSx4-4	CgSx4_leaf.3m	1.1	11.75299263	3.540407855	386.4101942	1044.271042	342.6051009	36.21467818	93.20033956	88.50421348	69.56013655	25.90091463	7.697251773	25.4429768	16.63559942	25.64118123	44.5409292	115.7045089	35.72081105	23.27702703	30.94059406	47.02285806	0.99	0.56	0.220115058	2.204873584	1.25139064
seed	mature	WT	WT	WT-1	WT_seed	NA	NA	8.240473495	165.5122691	504.7477766	341.8717225	121.4465211	181.6101406	4.34523198	82.87607398	1.332015194	NA	7.742224497	8.731260918	15.85399357	6.643261207	51.51970878	28.8116711	56.36	26.66666267	25.42780518	1.3	NA	0.198050741	3.120183362	NA
seed	mature	WT	WT	WT-2	WT_seed	NA	NA	10.73943188	240.3563237	677.8017612	446.4554076	163.585551	269.204153	7.882516575	114.0682366	1.71686867	NA	9.879794403	10.92673673	24.50414622	8.365192076	74.6369707	39.69427279	83.79	33.68594865	32.63960197	1.22	NA	0.19762152	2.296994307	NA
seed	mature	WT	WT	WT-3	WT_seed	NA	NA	11.07852386	210.017917	587.1158354	428.5164798	154.3568787	234.2901711	6.779626139	107.1908967	1.794671368	NA	9.539599408	10.84304539	19.1989074	8.305248646	63.40658399	37.37158303	75.87	34.79416302	32.75609655	1.22	NA	0.260383009	3.336582903	NA
seed	mature	WT	WT	WT-4	WT_seed	NA	NA	11.39736983	212.8941018	572.7812803	452.284325	158.652765	226.5128371	5.517867219	104.256076	1.812172945	NA	10.28310678	11.63022437	18.20541519	8.816182881	60.95421438	38.14942815	76.32	35.70309693	34.4772272	1.17	NA	0.206832194	3.264885481	NA
seed	mature	CgSx4	Tg	CgSx4-1	CgSx4_seed	NA	NA	13.33388716	473.6816058	775.4847632	817.3884589	219.5407222	287.7485701	7.162677954	158.4764327	1.746536676	NA	20.6576439	18.76871824	34.11335579	11.34615361	107.018988	60.23764821	245.06	67.46872857	52.88142723	1.49	NA	0.219684552	3.330847513	NA
seed	mature	CgSx4	Tg	CgSx4-2	CgSx4_seed	NA	NA	10.99718471	316.9038417	562.1283231	590.4908378	149.8451426	182.9163945	1.327394285	88.51632432	1.518958861	NA	15.08311412	13.3155289	21.43748925	8.271952402	68.36600392	32.63399812	183.31	51.05025446	40.24249242	1.47	NA	0.218981027	3.469245554	NA
seed	mature	CgSx4	Tg	CgSx4-3	CgSx4_seed	NA	NA	11.1535699	326.5406823	608.5678884	596.1530128	154.2679725	177.3274271	2.198493735	81.09868396	1.531554167	NA	14.96370049	13.49507994	22.72288756	8.403786107	66.16807056	28.60790623	179.62	51.73887094	40.85159702	1.49	NA	0.194062752	3.203633086	NA
seed	mature	CgSx4	Tg	CgSx4-4	CgSx4_seed	NA	NA	11.09645764	342.1065249	662.0037848	586.9581936	145.9847974	191.4309739	1.770032008	101.7618223	1.584404305	NA	14.73976527	13.38980136	20.23894671	8.250361867	69.91922453	36.65251616	185.58	50.50435901	40.18767223	1.48	NA	0.22153872	3.401728686	NA
